25;250;
0;0;0.000000;0.000000;0.000000;0;0;litcube0;1;1;1;1;1;1;1;1;1;1;1;50;0;0;0;0;50000000;60000000;0;120;120;120;0;0;0;0;0;0;0;SS_BG_0;
0;0;0.000000;0.000000;0.000000;0;0;litcube1;1;1;1;1;1;1;1;1;1;1;1;50;0;0;0;0;50000000;60000000;0;120;120;120;0;0;0;0;0;0;0;SS_BG_1;
0;0;0.000000;0.000000;0.000000;0;0;litcube2;1;1;1;10;10;8;1;1;1;1;1;50;0;0;0;0;50000000;60000000;0;120;120;120;0;0;0;0;0;0;0;SS_BG_2;
0;0;0.000000;0.000000;0.000000;0;0;litcube3;1;1;1;1;1;1;1;1;1;1;1;50;0;0;0;0;50000000;60000000;0;120;120;120;0;0;0;0;0;0;0;SS_BG_3;
0;0;0.000000;0.000000;0.000000;0;0;litcube4;1;1;1;5;5;5;1;1;1;1;1;50;0;0;0;0;50000000;60000000;0;0;0;0;0;0;0;0;0;0;0;SS_BG_4;
0;0;0.000000;0.000000;0.000000;0;0;litcube5;1;1;1;0;0;0;0;0;0;0;0;0;0;0;0;0;50000000;60000000;0;120;120;120;0;0;0;0;0;0;0;SS_BG_5;
0;0;0.000000;0.000000;0.000000;0;0;litcube6;1;1;1;0;0;0;0;0;0;0;0;0;0;0;0;0;50000000;60000000;0;120;120;120;0;0;0;0;0;0;0;SS_BG_6;
0;0;0.000000;0.000000;0.000000;0;0;litcube7;1;1;1;0;0;0;0;0;0;0;0;0;0;0;0;0;50000000;60000000;0;120;120;120;0;0;0;0;0;0;0;SS_BG_7;
0;0;0.000000;0.000000;0.000000;0;0;litcube8;1;1;1;0;0;0;0;0;0;0;0;0;0;0;0;0;50000000;60000000;0;120;120;120;0;0;0;0;0;0;0;SS_BG_8;
0;0;0.000000;0.000000;0.000000;0;0;litcube9;1;1;1;0;0;0;0;0;0;0;0;0;0;0;0;0;50000000;60000000;0;120;120;120;0;0;0;0;0;0;0;SS_BG_9;
0;0;0.000000;0.000000;0.000000;0;0;litcube10;1;1;1;0;0;0;0;0;0;0;0;0;0;0;0;0;50000000;60000000;0;120;120;120;0;0;0;0;0;0;0;SS_BG_10;
0;0;0.000000;0.000000;0.000000;0;0;litcube11;1;1;1;0;0;0;1;1;1;1;1;26;0;0;0;0;50000000;60000000;0;120;120;120;0;0;0;0;0;0;0;SS_BG_11;
0;0;0.000000;0.000000;0.000000;0;0;litcube12;1;1;1;0;0;0;0;0;0;0;0;0;0;0;0;0;50000000;60000000;0;120;120;120;0;0;0;0;0;0;0;SS_BG_12;
0;0;0.000000;0.000000;0.000000;0;0;litcube13;1;1;1;0;0;0;0;0;0;0;0;0;0;0;0;0;50000000;60000000;0;120;120;120;0;0;0;0;0;0;0;SS_BG_13;
0;0;0.000000;0.000000;0.000000;0;0;litcube14;1;1;1;0;0;0;0;0;0;0;0;0;0;0;0;0;50000000;60000000;0;120;120;120;0;0;0;0;0;0;0;SS_BG_14;
0;0;0.000000;0.000000;0.000000;0;0;litcube15;1;1;1;5;5;6;1;1;1;1;1;50;0;0;0;0;50000000;60000000;0;120;120;120;0;0;0;0;0;0;0;SS_BG_15;
0;0;0.000000;0.000000;0.000000;0;0;litcube16;1;1;1;1;1;1;1;1;1;1;1;45;0;0;0;0;50000000;60000000;0;120;120;120;0;0;0;0;0;0;0;SS_BG_16;
0;0;0.000000;0.000000;0.000000;0;0;litcube17;1;1;1;1;1;1;1;1;1;1;1;50;0;0;0;0;50000000;60000000;0;120;120;120;0;0;0;0;0;0;0;SS_BG_17;
0;0;0.000000;0.000000;0.000000;0;0;litcube18;1;1;1;1;1;1;1;1;1;1;1;50;0;0;0;0;50000000;60000000;0;120;120;120;0;0;0;0;0;0;0;SS_BG_18;
0;0;0.000000;0.000000;0.000000;0;0;litcube19;1;1;1;5;5;5;1;1;1;1;1;40;0;0;0;0;50000000;60000000;0;120;120;120;0;0;0;0;0;0;0;SS_BG_19;
0;0;0.000000;0.000000;0.000000;0;0;litcube20;1;1;1;0;0;0;0;0;0;0;0;0;0;0;0;0;50000000;60000000;0;120;120;120;0;0;0;0;0;0;0;SS_BG_20;
0;0;0.000000;0.000000;0.000000;0;0;litcube21;1;1;1;0;0;0;0;0;0;0;0;0;0;0;0;0;50000000;60000000;0;120;120;120;0;0;0;0;0;0;0;SS_BG_21;
0;0;0.000000;0.000000;0.000000;0;0;litcube22;1;1;1;0;0;0;0;0;0;0;0;0;0;0;0;0;50000000;60000000;0;120;120;120;0;0;0;0;0;0;0;SS_BG_22;
0;0;0.000000;0.000000;0.000000;0;0;litcube23;1;1;1;0;0;0;0;0;0;0;0;0;0;0;0;0;50000000;60000000;0;120;120;120;0;0;0;0;0;0;0;SS_BG_23;
0;0;0.000000;0.000000;0.000000;0;0;litcube24;1;1;1;0;0;0;0;0;0;0;0;0;0;0;0;0;50000000;60000000;0;120;120;120;0;0;0;0;0;0;0;SS_BG_24;
0;0;0.000000;0.000000;0.000000;0;0;litcube25;1;1;1;1;1;1;1;1;1;1;1;17;0;0;0;0;50000000;60000000;0;120;120;120;0;0;0;0;0;0;0;SS_BG_25;
0;0;0.000000;0.000000;0.000000;0;0;litcube26;1;1;1;1;1;1;1;1;1;1;1;24;0;0;0;0;50000000;60000000;0;120;120;120;0;0;0;0;0;0;0;SS_BG_26;
0;0;0.000000;0.000000;0.000000;0;0;litcube27;1;1;1;1;1;1;1;1;1;1;1;30;0;0;0;0;50000000;60000000;0;120;120;120;0;0;0;0;0;0;0;SS_BG_27;
0;0;0.000000;0.000000;0.000000;0;0;litcube28;1;1;1;1;1;1;1;1;1;1;1;14;0;0;0;0;50000000;60000000;0;120;120;120;0;0;0;0;0;0;0;SS_BG_28;
0;0;0.000000;0.000000;0.000000;0;0;litcube29;1;1;1;0;0;0;0;0;0;0;0;0;0;0;0;0;50000000;60000000;0;120;120;120;0;0;0;0;0;0;0;SS_BG_29;
0;0;0.000000;0.000000;0.000000;0;0;litcube30;1;1;1;1;1;1;1;1;1;1;1;15;0;0;0;0;50000000;60000000;0;120;120;120;0;0;0;0;0;0;0;SS_BG_30;
0;0;0.000000;0.000000;0.000000;0;0;litcube31;1;1;1;1;1;1;1;1;1;1;1;14;0;0;0;0;50000000;60000000;0;120;120;120;0;0;0;0;0;0;0;SS_BG_31;
0;0;0.000000;0.000000;0.000000;0;0;litcube32;1;1;1;1;1;1;1;1;1;1;1;12;0;0;0;0;50000000;60000000;0;120;120;120;0;0;0;0;0;0;0;SS_BG_32;
0;0;0.000000;0.000000;0.000000;0;0;litcube33;1;1;1;1;1;1;1;1;1;1;1;20;0;0;0;0;50000000;60000000;0;120;120;120;0;0;0;0;0;0;0;SS_BG_33;
0;0;0.000000;0.000000;0.000000;0;0;litcube34;1;1;1;1;1;1;1;1;1;1;1;14;0;0;0;0;50000000;60000000;0;120;120;120;0;0;0;0;0;0;0;SS_BG_34;
0;0;0.000000;0.000000;0.000000;0;0;litcube35;1;1;1;0;0;0;0;0;0;0;0;0;0;0;0;0;50000000;60000000;0;120;120;120;0;0;0;0;0;0;0;SS_BG_35;
0;0;0.000000;0.000000;0.000000;0;0;litcube36;1;1;1;1;1;1;1;1;1;1;1;12;0;0;0;0;50000000;60000000;0;120;120;120;0;0;0;0;0;0;0;SS_BG_36;
0;0;0.000000;0.000000;0.000000;0;0;litcube37;1;1;1;0;0;0;0;0;0;0;0;0;0;0;0;0;50000000;60000000;0;120;120;120;0;0;0;0;0;0;0;SS_BG_37;
0;0;0.000000;0.000000;0.000000;0;0;litcube38;1;1;1;0;0;0;0;0;0;0;0;0;0;0;0;0;50000000;60000000;0;120;120;120;0;0;0;0;0;0;0;SS_BG_38;
0;0;0.000000;0.000000;0.000000;0;0;litcube39;1;1;1;0;0;0;0;0;0;0;0;0;0;0;0;0;50000000;60000000;0;120;120;120;0;0;0;0;0;0;0;SS_BG_39;
0;0;0.000000;0.000000;0.000000;0;0;litcube40;1;1;1;1;1;1;1;1;1;1;1;50;0;0;0;0;50000000;60000000;0;120;120;120;0;0;0;0;0;0;0;SS_BG_40;
0;0;0.000000;0.000000;0.000000;0;0;litcube41;1;1;1;1;1;1;1;1;1;1;1;50;0;0;0;0;50000000;60000000;0;120;120;120;0;0;0;0;0;0;0;SS_BG_41;
0;0;0.000000;0.000000;0.000000;0;0;litcube42;1;1;1;1;1;1;1;1;1;1;1;50;0;0;0;0;50000000;60000000;0;120;120;120;0;0;0;0;0;0;0;SS_BG_42;
0;0;0.000000;0.000000;0.000000;0;0;litcube43;1;1;1;1;1;1;1;1;1;1;1;50;0;0;0;0;50000000;60000000;0;120;120;120;0;0;0;0;0;0;0;SS_BG_43;
0;0;0.000000;0.000000;0.000000;0;0;litcube44;1;1;1;1;1;1;1;1;1;1;1;50;0;0;0;0;50000000;60000000;0;120;120;120;0;0;0;0;0;0;0;SS_BG_44;
0;0;0.000000;0.000000;0.000000;0;0;litcube45;1;1;1;0;0;0;0;0;0;0;0;0;0;0;0;0;50000000;60000000;0;120;120;120;0;0;0;0;0;0;0;SS_BG_45;
0;0;0.000000;0.000000;0.000000;0;0;litcube46;1;1;1;0;0;0;0;0;0;0;0;0;0;0;0;0;50000000;60000000;0;120;120;120;0;0;0;0;0;0;0;SS_BG_46;
0;0;0.000000;0.000000;0.000000;0;0;litcube47;1;1;1;0;0;0;0;0;0;0;0;0;0;0;0;0;50000000;60000000;0;120;120;120;0;0;0;0;0;0;0;SS_BG_47;
0;0;0.000000;0.000000;0.000000;0;0;litcube48;1;1;1;0;0;0;0;0;0;0;0;0;0;0;0;0;50000000;60000000;0;120;120;120;0;0;0;0;0;0;0;SS_BG_48;
0;0;0.000000;0.000000;0.000000;0;0;litcube49;1;1;1;0;0;0;0;0;0;0;0;0;0;0;0;0;50000000;60000000;0;120;120;120;0;0;0;0;0;0;0;SS_BG_49;
0;0;0.000000;0.000000;0.000000;0;0;litcube50;1;1;1;0;0;0;0;0;0;0;0;0;0;0;0;0;50000000;60000000;0;120;120;120;0;0;0;0;0;0;0;SS_BG_50;
0;0;0.000000;0.000000;0.000000;0;0;litcube51;1;1;1;0;0;0;0;0;0;0;0;0;0;0;0;0;50000000;60000000;0;120;120;120;0;0;0;0;0;0;0;SS_BG_51;
0;0;0.000000;0.000000;0.000000;0;0;litcube52;1;1;1;0;0;0;0;0;0;0;0;0;0;0;0;0;50000000;60000000;0;120;120;120;0;0;0;0;0;0;0;SS_BG_52;
0;0;0.000000;0.000000;0.000000;0;0;litcube53;1;1;1;5;5;5;5;1;1;1;1;40;0;0;0;0;50000000;60000000;0;120;120;120;0;0;0;0;0;0;0;SS_BG_53;
0;0;0.000000;0.000000;0.000000;0;0;litcube54;1;1;1;0;0;0;0;0;0;0;0;0;0;0;0;0;50000000;60000000;0;120;120;120;0;0;0;0;0;0;0;SS_BG_54;
0;0;0.000000;0.000000;0.000000;0;0;litcube55;1;1;1;0;0;0;0;0;0;0;0;0;0;0;0;0;50000000;60000000;0;120;120;120;0;0;0;0;0;0;0;SS_BG_55;
0;0;0.000000;0.000000;0.000000;0;0;litcube56;1;1;1;0;0;0;0;0;0;0;0;0;0;0;0;0;50000000;60000000;0;120;120;120;0;0;0;0;0;0;0;SS_BG_56;
0;0;0.000000;0.000000;0.000000;0;0;litcube57;1;1;1;0;0;0;0;0;0;0;0;0;0;0;0;0;50000000;60000000;0;120;120;120;0;0;0;0;0;0;0;SS_BG_57;
0;0;0.000000;0.000000;0.000000;0;0;litcube58;1;1;1;0;0;0;0;0;0;0;0;0;0;0;0;0;50000000;60000000;0;120;120;120;0;0;0;0;0;0;0;SS_BG_58;
0;0;0.000000;0.000000;0.000000;0;0;litcube59;1;1;1;0;0;0;0;0;0;0;0;0;0;0;0;0;50000000;60000000;0;120;120;120;0;0;0;0;0;0;0;SS_BG_59;
0;0;0.000000;0.000000;0.000000;0;0;litcube60;1;1;1;0;0;0;0;0;0;0;0;0;0;0;0;0;50000000;60000000;0;120;120;120;0;0;0;0;0;0;0;SS_BG_60;
0;0;0.000000;0.000000;0.000000;0;0;litcube61;1;1;1;0;0;0;0;0;0;0;0;0;0;0;0;0;50000000;60000000;0;120;120;120;0;0;0;0;0;0;0;SS_BG_61;
0;0;0.000000;0.000000;0.000000;0;0;litcube62;1;1;1;0;0;0;0;0;0;0;0;0;0;0;0;0;50000000;60000000;0;120;120;120;0;0;0;0;0;0;0;SS_BG_62;
0;0;0.000000;0.000000;0.000000;0;0;litcube63;1;1;1;0;0;0;0;0;0;0;0;0;0;0;0;0;50000000;60000000;0;120;120;120;0;0;0;0;0;0;0;SS_BG_63;
0;0;0.000000;0.000000;0.000000;0;0;litcube64;1;1;1;1;1;1;1;1;1;1;1;16;0;0;0;0;50000000;60000000;0;120;120;120;0;0;0;0;0;0;0;SS_BG_64;
0;0;0.000000;0.000000;0.000000;0;0;litcube65;1;1;1;5;5;5;1;1;1;1;1;30;0;0;0;0;50000000;60000000;0;120;120;120;0;0;0;0;0;0;0;SS_BG_65;
0;0;0.000000;0.000000;0.000000;0;0;litcube66;1;1;1;1;1;1;1;1;1;1;1;40;0;0;0;0;50000000;60000000;0;120;120;120;0;0;0;0;0;0;0;SS_BG_66;
0;0;0.000000;0.000000;0.000000;0;0;litcube67;1;1;1;1;1;1;1;1;1;1;1;30;0;0;0;0;50000000;60000000;0;120;120;120;0;0;0;0;0;0;0;SS_BG_67;
0;0;0.000000;0.000000;0.000000;0;0;litcube68;1;1;1;1;1;1;1;1;1;1;1;35;0;0;0;0;50000000;60000000;0;120;120;120;0;0;0;0;0;0;0;SS_BG_68;
0;0;0.000000;0.000000;0.000000;0;0;litcube69;1;1;1;1;1;1;1;1;1;1;1;32;0;0;0;0;50000000;60000000;0;120;120;120;0;0;0;0;0;0;0;SS_BG_69;
0;0;0.000000;0.000000;0.000000;0;0;litcube70;1;1;1;0;0;0;0;0;0;0;0;0;0;0;0;0;50000000;60000000;0;120;120;120;0;0;0;0;0;0;0;SS_BG_70;
0;0;0.000000;0.000000;0.000000;0;0;litcube71;1;1;1;0;0;0;0;0;0;0;0;0;0;0;0;0;50000000;60000000;0;120;120;120;0;0;0;0;0;0;0;SS_BG_71;
0;0;0.000000;0.000000;0.000000;0;0;litcube72;1;1;1;0;0;0;0;0;0;0;0;0;0;0;0;0;50000000;60000000;0;120;120;120;0;0;0;0;0;0;0;SS_BG_72;
0;0;0.000000;0.000000;0.000000;0;0;litcube73;1;1;1;0;0;0;0;0;0;0;0;0;0;0;0;0;50000000;60000000;0;120;120;120;0;0;0;0;0;0;0;SS_BG_73;
0;0;0.000000;0.000000;0.000000;0;0;litcube74;1;1;1;0;0;0;0;0;0;0;0;0;0;0;0;0;50000000;60000000;0;120;120;120;0;0;0;0;0;0;0;SS_BG_74;
0;0;0.000000;0.000000;0.000000;0;0;litcube75;1;1;1;0;0;0;0;0;0;0;0;0;0;0;0;0;50000000;60000000;0;120;120;120;0;0;0;0;0;0;0;SS_BG_75;
0;0;0.000000;0.000000;0.000000;0;0;litcube76;1;1;1;0;0;0;0;0;0;0;0;0;0;0;0;0;50000000;60000000;0;120;120;120;0;0;0;0;0;0;0;SS_BG_76;
0;0;0.000000;0.000000;0.000000;0;0;litcube77;1;1;1;0;0;0;0;0;0;0;0;0;0;0;0;0;50000000;60000000;0;120;120;120;0;0;0;0;0;0;0;SS_BG_77;
0;0;0.000000;0.000000;0.000000;0;0;litcube78;1;1;1;0;0;0;0;0;0;0;0;0;0;0;0;0;50000000;60000000;0;120;120;120;0;0;0;0;0;0;0;SS_BG_78;
0;0;0.000000;0.000000;0.000000;0;0;litcube79;1;1;1;0;0;0;0;0;0;0;0;0;0;0;0;0;50000000;60000000;0;120;120;120;0;0;0;0;0;0;0;SS_BG_79;
0;0;0.000000;0.000000;0.000000;0;0;litcube80;1;1;1;0;0;0;0;0;0;0;0;0;0;0;0;0;50000000;60000000;0;120;120;120;0;0;0;0;0;0;0;SS_BG_80;
0;0;0.000000;0.000000;0.000000;0;0;litcube81;1;1;1;0;0;0;0;0;0;0;0;0;0;0;0;0;50000000;60000000;0;120;120;120;0;0;0;0;0;0;0;SS_BG_81;
0;0;0.000000;0.000000;0.000000;0;0;litcube82;1;1;1;0;0;0;0;0;0;0;0;0;0;0;0;0;50000000;60000000;0;120;120;120;0;0;0;0;0;0;0;SS_BG_82;
0;0;0.000000;0.000000;0.000000;0;0;litcube83;1;1;1;0;0;0;0;0;0;0;0;0;0;0;0;0;50000000;60000000;0;120;120;120;0;0;0;0;0;0;0;SS_BG_83;
0;0;0.000000;0.000000;0.000000;0;0;litcube84;1;1;1;0;0;0;0;0;0;0;0;0;0;0;0;0;50000000;60000000;0;120;120;120;0;0;0;0;0;0;0;SS_BG_84;
0;0;0.000000;0.000000;0.000000;0;0;litcube85;1;1;1;0;0;0;0;0;0;0;0;0;0;0;0;0;50000000;60000000;0;120;120;120;0;0;0;0;0;0;0;SS_BG_85;
0;0;0.000000;0.000000;0.000000;0;0;litcube86;1;1;1;1;1;1;1;1;1;1;1;30;0;0;0;0;50000000;60000000;0;120;120;120;0;0;0;0;0;0;0;SS_BG_86;
0;0;0.000000;0.000000;0.000000;0;0;litcube87;1;1;1;1;1;1;1;1;1;1;1;27;0;0;0;0;50000000;60000000;0;120;120;120;0;0;0;0;0;0;0;SS_BG_87;
0;0;0.000000;0.000000;0.000000;0;0;litcube88;1;1;1;4;4;4;1;1;1;1;1;40;0;0;0;0;50000000;60000000;0;120;120;120;0;0;0;0;0;0;0;SS_BG_88;
0;0;0.000000;0.000000;0.000000;0;0;litcube89;1;1;1;4;4;4;1;1;1;1;1;45;0;0;0;0;50000000;60000000;0;120;120;120;0;0;0;0;0;0;0;SS_BG_89;
0;0;0.000000;0.000000;0.000000;0;0;litcube90;1;1;1;1;1;1;1;1;1;1;1;22;0;0;0;0;50000000;60000000;0;120;120;120;0;0;0;0;0;0;0;SS_BG_90;
0;0;0.000000;0.000000;0.000000;0;0;litcube91;1;1;1;0;0;0;0;0;0;0;0;0;0;0;0;0;50000000;60000000;0;120;120;120;0;0;0;0;0;0;0;SS_BG_91;
0;0;0.000000;0.000000;0.000000;0;0;litcube92;1;1;1;0;0;0;0;0;0;0;0;0;0;0;0;0;50000000;60000000;0;120;120;120;0;0;0;0;0;0;0;SS_BG_92;
0;0;0.000000;0.000000;0.000000;0;0;litcube93;1;1;1;1;1;1;1;1;1;1;1;22;0;0;0;0;50000000;60000000;0;120;120;120;0;0;0;0;0;0;0;SS_BG_93;
0;0;0.000000;0.000000;0.000000;0;0;litcube94;1;1;1;0;0;0;0;0;0;0;0;0;0;0;0;0;50000000;60000000;0;120;120;120;0;0;0;0;0;0;0;SS_BG_94;
0;0;0.000000;0.000000;0.000000;0;0;litcube95;1;1;1;0;0;0;0;0;0;0;0;0;0;0;0;0;50000000;60000000;0;120;120;120;0;0;0;0;0;0;0;SS_BG_95;
0;0;0.000000;0.000000;0.000000;0;0;litcube96;1;1;1;0;0;0;0;0;0;0;0;0;0;0;0;0;50000000;60000000;0;120;120;120;0;0;0;0;0;0;0;SS_BG_96;
0;0;0.000000;0.000000;0.000000;0;0;litcube97;1;1;1;0;0;0;0;0;0;0;0;0;0;0;0;0;50000000;60000000;0;120;120;120;0;0;0;0;0;0;0;SS_BG_97;
0;0;0.000000;0.000000;0.000000;0;0;litcube98;1;1;1;0;0;0;0;0;0;0;0;0;0;0;0;0;50000000;60000000;0;120;120;120;0;0;0;0;0;0;0;SS_BG_98;
0;0;0.000000;0.000000;0.000000;0;0;litcube99;1;1;1;0;0;0;0;0;0;0;0;0;0;0;0;0;50000000;60000000;0;120;120;120;0;0;0;0;0;0;0;SS_BG_99;
0;0;0.000000;0.000000;0.000000;0;0;litcube100;1;1;1;0;0;0;0;0;0;0;0;0;0;0;0;0;50000000;60000000;0;120;120;120;0;0;0;0;0;0;0;SS_BG_100;
0;0;0.000000;0.000000;0.000000;0;0;litcube101;1;1;1;0;0;0;0;0;0;0;0;0;0;0;0;0;50000000;60000000;0;120;120;120;0;0;0;0;0;0;0;SS_BG_101;
0;0;0.000000;0.000000;0.000000;0;0;litcube102;1;1;1;0;0;0;0;0;0;0;0;0;0;0;0;0;50000000;60000000;0;120;120;120;0;0;0;0;0;0;0;SS_BG_102;
0;0;0.000000;0.000000;0.000000;0;0;litcube103;1;1;1;0;0;0;0;0;0;0;0;0;0;0;0;0;50000000;60000000;0;120;120;120;0;0;0;0;0;0;0;SS_BG_103;
0;0;0.000000;0.000000;0.000000;0;0;litcube104;1;1;1;1;1;1;1;1;1;1;1;13;0;0;0;0;50000000;60000000;0;120;120;120;0;0;0;0;0;0;0;SS_BG_104;
0;0;0.000000;0.000000;0.000000;0;0;litcube105;1;1;1;0;0;0;0;0;0;0;0;0;0;0;0;0;50000000;60000000;0;120;120;120;0;0;0;0;0;0;0;SS_BG_105;
0;0;0.000000;0.000000;0.000000;0;0;litcube106;1;1;1;0;0;0;0;0;0;0;0;0;0;0;0;0;50000000;60000000;0;120;120;120;0;0;0;0;0;0;0;SS_BG_106;
0;0;0.000000;0.000000;0.000000;0;0;litcube107;1;1;1;0;0;0;0;0;0;0;0;0;0;0;0;0;50000000;60000000;0;120;120;120;0;0;0;0;0;0;0;SS_BG_107;
0;0;0.000000;0.000000;0.000000;0;0;litcube108;1;1;1;0;0;0;0;0;0;0;0;0;0;0;0;0;50000000;60000000;0;120;120;120;0;0;0;0;0;0;0;SS_BG_108;
0;0;0.000000;0.000000;0.000000;0;0;litcube109;1;1;1;0;0;0;0;0;0;0;0;0;0;0;0;0;50000000;60000000;0;120;120;120;0;0;0;0;0;0;0;SS_BG_109;
0;0;0.000000;0.000000;0.000000;0;0;litcube110;1;1;1;0;0;0;0;0;0;0;0;0;0;0;0;0;50000000;60000000;0;120;120;120;0;0;0;0;0;0;0;SS_BG_110;
0;0;0.000000;0.000000;0.000000;0;0;litcube111;1;1;1;0;0;0;0;0;0;0;0;0;0;0;0;0;50000000;60000000;0;120;120;120;0;0;0;0;0;0;0;SS_BG_111;
0;0;0.000000;0.000000;0.000000;0;0;litcube112;1;1;1;0;0;0;0;0;0;0;0;0;0;0;0;0;50000000;60000000;0;120;120;120;0;0;0;0;0;0;0;SS_BG_112;
0;0;0.000000;0.000000;0.000000;0;0;litcube113;1;1;1;0;0;0;0;0;0;0;0;0;0;0;0;0;50000000;60000000;0;120;120;120;0;0;0;0;0;0;0;SS_BG_113;
0;0;0.000000;0.000000;0.000000;0;0;litcube114;1;1;1;0;0;0;0;0;0;0;0;0;0;0;0;0;50000000;60000000;0;120;120;120;0;0;0;0;0;0;0;SS_BG_114;
0;0;0.000000;0.000000;0.000000;0;0;litcube115;1;1;1;0;0;0;0;0;0;0;0;0;0;0;0;0;50000000;60000000;0;120;120;120;0;0;0;0;0;0;0;SS_BG_115;
0;0;0.000000;0.000000;0.000000;0;0;litcube116;1;1;1;0;0;0;0;0;0;0;0;0;0;0;0;0;50000000;60000000;0;120;120;120;0;0;0;0;0;0;0;SS_BG_116;
0;0;0.000000;0.000000;0.000000;0;0;litcube117;1;1;1;0;0;0;0;0;0;0;0;0;0;0;0;0;50000000;60000000;0;120;120;120;0;0;0;0;0;0;0;SS_BG_117;
0;0;0.000000;0.000000;0.000000;0;0;litcube118;1;1;1;0;0;0;0;0;0;0;0;0;0;0;0;0;50000000;60000000;0;120;120;120;0;0;0;0;0;0;0;SS_BG_118;
0;0;0.000000;0.000000;0.000000;0;0;litcube119;1;1;1;0;0;0;0;0;0;0;0;0;0;0;0;0;50000000;60000000;0;120;120;120;0;0;0;0;0;0;0;SS_BG_119;
0;0;0.000000;0.000000;0.000000;0;0;litcube120;1;1;1;0;0;0;0;0;0;0;0;0;0;0;0;0;50000000;60000000;0;120;120;120;0;0;0;0;0;0;0;SS_BG_120;
0;0;0.000000;0.000000;0.000000;0;0;litcube121;1;1;1;0;0;0;0;0;0;0;0;0;0;0;0;0;50000000;60000000;0;120;120;120;0;0;0;0;0;0;0;SS_BG_121;
0;0;0.000000;0.000000;0.000000;0;0;litcube122;1;1;1;0;0;0;0;0;0;0;0;0;0;0;0;0;50000000;60000000;0;120;120;120;0;0;0;0;0;0;0;SS_BG_122;
0;0;0.000000;0.000000;0.000000;0;0;litcube123;1;1;1;0;0;0;0;0;0;0;0;0;0;0;0;0;50000000;60000000;0;120;120;120;0;0;0;0;0;0;0;SS_BG_123;
0;0;0.000000;0.000000;0.000000;0;0;litcube124;1;1;1;0;0;0;0;0;0;0;0;0;0;0;0;0;50000000;60000000;0;120;120;120;0;0;0;0;0;0;0;SS_BG_124;
0;0;0.000000;0.000000;0.000000;0;0;litcube125;1;1;1;0;0;0;0;0;0;0;0;0;0;0;0;0;50000000;60000000;0;120;120;120;0;0;0;0;0;0;0;SS_BG_125;
0;0;0.000000;0.000000;0.000000;0;0;litcube126;1;1;1;0;0;0;0;0;0;0;0;0;0;0;0;0;50000000;60000000;0;120;120;120;0;0;0;0;0;0;0;SS_BG_126;
0;0;0.000000;0.000000;0.000000;0;0;litcube127;1;1;1;0;0;0;0;0;0;0;0;0;0;0;0;0;50000000;60000000;0;120;120;120;0;0;0;0;0;0;0;SS_BG_127;
0;0;0.000000;0.000000;0.000000;0;0;litcube128;1;1;1;0;0;0;0;0;0;0;0;0;0;0;0;0;50000000;60000000;0;120;120;120;0;0;0;0;0;0;0;SS_BG_128;
0;0;0.000000;0.000000;0.000000;0;0;litcube129;1;1;1;0;0;0;0;0;0;0;0;0;0;0;0;0;50000000;60000000;0;120;120;120;0;0;0;0;0;0;0;SS_BG_129;
0;0;0.000000;0.000000;0.000000;0;0;litcube130;1;1;1;0;0;0;0;0;0;0;0;0;0;0;0;0;50000000;60000000;0;120;120;120;0;0;0;0;0;0;0;SS_BG_130;
0;0;0.000000;0.000000;0.000000;0;0;litcube131;1;1;1;0;0;0;0;0;0;0;0;0;0;0;0;0;50000000;60000000;0;120;120;120;0;0;0;0;0;0;0;SS_BG_131;
0;0;0.000000;0.000000;0.000000;0;0;litcube132;1;1;1;0;0;0;0;0;0;0;0;0;0;0;0;0;50000000;60000000;0;120;120;120;0;0;0;0;0;0;0;SS_BG_132;
0;0;0.000000;0.000000;0.000000;0;0;litcube133;1;1;1;0;0;0;0;0;0;0;0;0;0;0;0;0;50000000;60000000;0;120;120;120;0;0;0;0;0;0;0;SS_BG_133;
0;0;0.000000;0.000000;0.000000;0;0;litcube134;1;1;1;0;0;0;0;0;0;0;0;0;0;0;0;0;50000000;60000000;0;120;120;120;0;0;0;0;0;0;0;SS_BG_134;
0;0;0.000000;0.000000;0.000000;0;0;litcube135;1;1;1;0;0;0;0;0;0;0;0;0;0;0;0;0;50000000;60000000;0;120;120;120;0;0;0;0;0;0;0;SS_BG_135;
0;0;0.000000;0.000000;0.000000;0;0;litcube136;1;1;1;0;0;0;0;0;0;0;0;0;0;0;0;0;50000000;60000000;0;120;120;120;0;0;0;0;0;0;0;SS_BG_136;
0;0;0.000000;0.000000;0.000000;0;0;litcube137;1;1;1;0;0;0;0;0;0;0;0;0;0;0;0;0;50000000;60000000;0;120;120;120;0;0;0;0;0;0;0;SS_BG_137;
0;0;0.000000;0.000000;0.000000;0;0;litcube138;1;1;1;0;0;0;0;0;0;0;0;0;0;0;0;0;50000000;60000000;0;120;120;120;0;0;0;0;0;0;0;SS_BG_138;
0;0;0.000000;0.000000;0.000000;0;0;litcube139;1;1;1;0;0;0;0;0;0;0;0;0;0;0;0;0;50000000;60000000;0;120;120;120;0;0;0;0;0;0;0;SS_BG_139;
0;0;0.000000;0.000000;0.000000;0;0;litcube140;1;1;1;0;0;0;0;1;1;1;1;6;0;0;0;0;50000000;60000000;0;120;120;120;0;0;0;0;0;0;0;SS_BG_140;
0;0;0.000000;0.000000;0.000000;0;0;litcube141;1;1;1;0;0;0;0;0;0;0;0;0;0;0;0;0;50000000;60000000;0;120;120;120;0;0;0;0;0;0;0;SS_BG_141;
0;0;0.000000;0.000000;0.000000;0;0;litcube142;1;1;1;0;0;0;0;0;0;0;0;0;0;0;0;0;50000000;60000000;0;120;120;120;0;0;0;0;0;0;0;SS_BG_142;
0;0;0.000000;0.000000;0.000000;0;0;litcube143;1;1;1;0;0;0;0;0;0;0;0;0;0;0;0;0;50000000;60000000;0;120;120;120;0;0;0;0;0;0;0;SS_BG_143;
0;0;0.000000;0.000000;0.000000;0;0;litcube144;1;1;1;0;0;0;0;0;0;0;0;0;0;0;0;0;50000000;60000000;0;120;120;120;0;0;0;0;0;0;0;SS_BG_144;
0;0;0.000000;0.000000;0.000000;0;0;litcube145;1;1;1;5;5;5;5;1;1;1;1;50;0;0;0;0;50000000;60000000;0;120;120;120;0;0;0;0;0;0;0;SS_BG_145;
0;0;0.000000;0.000000;0.000000;0;0;litcube146;1;1;1;0;0;0;0;0;0;0;0;0;0;0;0;0;50000000;60000000;0;120;120;120;0;0;0;0;0;0;0;SS_BG_146;
0;0;0.000000;0.000000;0.000000;0;0;litcube147;1;1;1;0;0;0;0;0;0;0;0;0;0;0;0;0;50000000;60000000;0;120;120;120;0;0;0;0;0;0;0;SS_BG_147;
0;0;0.000000;0.000000;0.000000;0;0;litcube148;1;1;1;0;0;0;0;0;0;0;0;0;0;0;0;0;50000000;60000000;0;120;120;120;0;0;0;0;0;0;0;SS_BG_148;
0;0;0.000000;0.000000;0.000000;0;0;litcube149;1;1;1;0;0;0;0;0;0;0;0;0;0;0;0;0;50000000;60000000;0;120;120;120;0;0;0;0;0;0;0;SS_BG_149;
0;0;0.000000;0.000000;0.000000;0;0;litcube150;1;1;1;0;0;0;0;0;0;0;0;0;0;0;0;0;50000000;60000000;0;120;120;120;0;0;0;0;0;0;0;SS_BG_150;
0;0;0.000000;0.000000;0.000000;0;0;litcube151;1;1;1;1;1;1;1;1;1;1;1;18;0;0;0;0;50000000;60000000;0;120;120;120;0;0;0;0;0;0;0;SS_BG_151;
0;0;0.000000;0.000000;0.000000;0;0;litcube152;1;1;1;0;0;0;0;0;0;0;0;0;0;0;0;0;50000000;60000000;0;120;120;120;0;0;0;0;0;0;0;SS_BG_152;
0;0;0.000000;0.000000;0.000000;0;0;litcube153;1;1;1;0;0;0;0;0;0;0;0;0;0;0;0;0;50000000;60000000;0;120;120;120;0;0;0;0;0;0;0;SS_BG_153;
0;0;0.000000;0.000000;0.000000;0;0;litcube154;1;1;1;1;1;1;1;1;2;2;2;8;0;0;0;0;50000000;60000000;0;120;120;120;0;0;0;0;0;0;0;SS_BG_154;
0;0;0.000000;0.000000;0.000000;0;0;litcube155;1;1;1;0;0;0;0;0;0;0;0;0;0;0;0;0;50000000;60000000;0;120;120;120;0;0;0;0;0;0;0;SS_BG_155;
0;0;0.000000;0.000000;0.000000;0;0;litcube156;1;1;1;0;0;0;0;0;0;0;0;0;0;0;0;0;50000000;60000000;0;120;120;120;0;0;0;0;0;0;0;SS_BG_156;
0;0;0.000000;0.000000;0.000000;0;0;litcube157;1;1;1;0;0;0;0;0;0;0;0;0;0;0;0;0;50000000;60000000;0;120;120;120;0;0;0;0;0;0;0;SS_BG_157;
0;0;0.000000;0.000000;0.000000;0;0;litcube158;1;1;1;1;1;1;1;1;1;1;1;13;0;0;0;0;50000000;60000000;0;120;120;120;0;0;0;0;0;0;0;SS_BG_158;
0;0;0.000000;0.000000;0.000000;0;0;litcube159;1;1;1;0;0;0;0;0;0;0;0;0;0;0;0;0;50000000;60000000;0;120;120;120;0;0;0;0;0;0;0;SS_BG_159;
0;0;0.000000;0.000000;0.000000;0;0;litcube160;1;1;1;0;0;0;0;0;0;0;0;0;0;0;0;0;50000000;60000000;0;120;120;120;0;0;0;0;0;0;0;SS_BG_160;
0;0;0.000000;0.000000;0.000000;0;0;litcube161;1;1;1;0;0;0;0;0;0;0;0;0;0;0;0;0;50000000;60000000;0;120;120;120;0;0;0;0;0;0;0;SS_BG_161;
0;0;0.000000;0.000000;0.000000;0;0;litcube162;1;1;1;0;0;0;0;0;0;0;0;0;0;0;0;0;50000000;60000000;0;120;120;120;0;0;0;0;0;0;0;SS_BG_162;
0;0;0.000000;0.000000;0.000000;0;0;litcube163;1;1;1;0;0;0;0;0;0;0;0;0;0;0;0;0;50000000;60000000;0;120;120;120;0;0;0;0;0;0;0;SS_BG_163;
0;0;0.000000;0.000000;0.000000;0;0;litcube164;1;1;1;0;0;0;0;0;0;0;0;0;0;0;0;0;50000000;60000000;0;120;120;120;0;0;0;0;0;0;0;SS_BG_164;
0;0;0.000000;0.000000;0.000000;0;0;litcube165;1;1;1;1;1;1;1;1;1;1;1;12;0;0;0;0;50000000;60000000;0;120;120;120;0;0;0;0;0;0;0;SS_BG_165;
0;0;0.000000;0.000000;0.000000;0;0;litcube166;1;1;1;0;0;0;0;0;0;0;0;0;0;0;0;0;50000000;60000000;0;120;120;120;0;0;0;0;0;0;0;SS_BG_166;
0;0;0.000000;0.000000;0.000000;0;0;litcube167;1;1;1;0;0;0;0;0;0;0;0;0;0;0;0;0;50000000;60000000;0;120;120;120;0;0;0;0;0;0;0;SS_BG_167;
0;0;0.000000;0.000000;0.000000;0;0;litcube168;1;1;1;0;0;0;0;0;0;0;0;0;0;0;0;0;50000000;60000000;0;120;120;120;0;0;0;0;0;0;0;SS_BG_168;
0;0;0.000000;0.000000;0.000000;0;0;litcube169;1;1;1;0;0;0;0;0;0;0;0;0;0;0;0;0;50000000;60000000;0;120;120;120;0;0;0;0;0;0;0;SS_BG_169;
0;0;0.000000;0.000000;0.000000;0;0;litcube170;1;1;1;1;1;1;1;1;1;1;1;12;0;0;0;0;50000000;60000000;0;120;120;120;0;0;0;0;0;0;0;SS_BG_170;
0;0;0.000000;0.000000;0.000000;0;0;litcube171;1;1;1;0;0;0;0;0;0;0;0;0;0;0;0;0;50000000;60000000;0;120;120;120;0;0;0;0;0;0;0;SS_BG_171;
0;0;0.000000;0.000000;0.000000;0;0;litcube172;1;1;1;0;0;0;0;0;0;0;0;0;0;0;0;0;50000000;60000000;0;120;120;120;0;0;0;0;0;0;0;SS_BG_172;
0;0;0.000000;0.000000;0.000000;0;0;litcube173;1;1;1;0;0;0;0;0;0;0;0;0;0;0;0;0;50000000;60000000;0;120;120;120;0;0;0;0;0;0;0;SS_BG_173;
0;0;0.000000;0.000000;0.000000;0;0;litcube174;1;1;1;3;3;3;1;1;1;1;1;27;0;0;0;0;50000000;60000000;0;120;120;120;0;0;0;0;0;0;0;SS_BG_174;
0;0;0.000000;0.000000;0.000000;0;0;litcube175;1;1;1;0;0;0;0;0;0;0;0;0;0;0;0;0;50000000;60000000;0;120;120;120;0;0;0;0;0;0;0;SS_BG_175;
0;0;0.000000;0.000000;0.000000;0;0;litcube176;1;1;1;0;0;0;0;0;0;0;0;0;0;0;0;0;50000000;60000000;0;120;120;120;0;0;0;0;0;0;0;SS_BG_176;
0;0;0.000000;0.000000;0.000000;0;0;litcube177;1;1;1;0;0;0;0;0;0;0;0;0;0;0;0;0;50000000;60000000;0;120;120;120;0;0;0;0;0;0;0;SS_BG_177;
0;0;0.000000;0.000000;0.000000;0;0;litcube178;1;1;1;1;1;1;1;1;1;1;1;10;0;0;0;0;50000000;60000000;0;120;120;120;0;0;0;0;0;0;0;SS_BG_178;
0;0;0.000000;0.000000;0.000000;0;0;litcube179;1;1;1;0;0;0;0;0;0;0;0;0;0;0;0;0;50000000;60000000;0;120;120;120;0;0;0;0;0;0;0;SS_BG_179;
0;0;0.000000;0.000000;0.000000;0;0;litcube180;1;1;1;0;0;0;0;0;0;0;0;0;0;0;0;0;50000000;60000000;0;120;120;120;0;0;0;0;0;0;0;SS_BG_180;
0;0;0.000000;0.000000;0.000000;0;0;litcube181;1;1;1;0;0;0;0;0;0;0;0;0;0;0;0;0;50000000;60000000;0;120;120;120;0;0;0;0;0;0;0;SS_BG_181;
0;0;0.000000;0.000000;0.000000;0;0;litcube182;1;1;1;0;0;0;0;0;0;0;0;0;0;0;0;0;50000000;60000000;0;120;120;120;0;0;0;0;0;0;0;SS_BG_182;
0;0;0.000000;0.000000;0.000000;0;0;litcube183;1;1;1;0;0;0;0;0;0;0;0;0;0;0;0;0;50000000;60000000;0;120;120;120;0;0;0;0;0;0;0;SS_BG_183;
0;0;0.000000;0.000000;0.000000;0;0;litcube184;1;1;1;0;0;0;0;0;0;0;0;0;0;0;0;0;50000000;60000000;0;120;120;120;0;0;0;0;0;0;0;SS_BG_184;
0;0;0.000000;0.000000;0.000000;0;0;litcube185;1;1;1;0;0;0;0;0;0;0;0;0;0;0;0;0;50000000;60000000;0;120;120;120;0;0;0;0;0;0;0;SS_BG_185;
0;0;0.000000;0.000000;0.000000;0;0;litcube186;1;1;1;0;0;0;0;0;0;0;0;0;0;0;0;0;50000000;60000000;0;120;120;120;0;0;0;0;0;0;0;SS_BG_186;
0;0;0.000000;0.000000;0.000000;0;0;litcube187;1;1;1;0;0;0;0;0;0;0;0;0;0;0;0;0;50000000;60000000;0;120;120;120;0;0;0;0;0;0;0;SS_BG_187;
0;0;0.000000;0.000000;0.000000;0;0;litcube188;1;1;1;0;0;0;0;0;0;0;0;0;0;0;0;0;50000000;60000000;0;120;120;120;0;0;0;0;0;0;0;SS_BG_188;
0;0;0.000000;0.000000;0.000000;0;0;litcube189;1;1;1;0;0;0;0;0;0;0;0;0;0;0;0;0;50000000;60000000;0;120;120;120;0;0;0;0;0;0;0;SS_BG_189;
0;0;0.000000;0.000000;0.000000;0;0;litcube190;1;1;1;0;0;0;0;0;0;0;0;0;0;0;0;0;50000000;60000000;0;120;120;120;0;0;0;0;0;0;0;SS_BG_190;
0;0;0.000000;0.000000;0.000000;0;0;litcube191;1;1;1;0;0;0;0;0;0;0;0;0;0;0;0;0;50000000;60000000;0;120;120;120;0;0;0;0;0;0;0;SS_BG_191;
0;0;0.000000;0.000000;0.000000;0;0;litcube192;1;1;1;0;0;0;0;0;0;0;0;0;0;0;0;0;50000000;60000000;0;120;120;120;0;0;0;0;0;0;0;SS_BG_192;
0;0;0.000000;0.000000;0.000000;0;0;litcube193;1;1;1;0;0;0;0;0;0;0;0;0;0;0;0;0;50000000;60000000;0;120;120;120;0;0;0;0;0;0;0;SS_BG_193;
0;0;0.000000;0.000000;0.000000;0;0;litcube194;1;1;1;0;0;0;0;0;0;0;0;0;0;0;0;0;50000000;60000000;0;120;120;120;0;0;0;0;0;0;0;SS_BG_194;
0;0;0.000000;0.000000;0.000000;0;0;litcube195;1;1;1;0;0;0;0;0;0;0;0;0;0;0;0;0;50000000;60000000;0;120;120;120;0;0;0;0;0;0;0;SS_BG_195;
0;0;0.000000;0.000000;0.000000;0;0;litcube196;1;1;1;0;0;0;0;0;0;0;0;0;0;0;0;0;50000000;60000000;0;120;120;120;0;0;0;0;0;0;0;SS_BG_196;
0;0;0.000000;0.000000;0.000000;0;0;litcube197;1;1;1;0;0;0;0;0;0;0;0;0;0;0;0;0;50000000;60000000;0;120;120;120;0;0;0;0;0;0;0;SS_BG_197;
0;0;0.000000;0.000000;0.000000;0;0;litcube198;1;1;1;1;1;1;1;1;1;1;1;12;0;0;0;0;50000000;60000000;0;120;120;120;0;0;0;0;0;0;0;SS_BG_198;
0;0;0.000000;0.000000;0.000000;0;0;litcube199;1;1;1;0;0;0;0;0;0;0;0;0;0;0;0;0;50000000;60000000;0;120;120;120;0;0;0;0;0;0;0;SS_BG_199;
0;0;0.000000;0.000000;0.000000;0;0;litcube200;1;1;1;0;0;0;0;0;0;0;0;0;0;0;0;0;50000000;60000000;0;120;120;120;0;0;0;0;0;0;0;SS_BG_200;
0;0;0.000000;0.000000;0.000000;0;0;litcube201;1;1;1;0;0;0;0;0;0;0;0;0;0;0;0;0;50000000;60000000;0;120;120;120;0;0;0;0;0;0;0;SS_BG_201;
0;0;0.000000;0.000000;0.000000;0;0;litcube202;1;1;1;0;0;0;0;0;0;0;0;0;0;0;0;0;50000000;60000000;0;120;120;120;0;0;0;0;0;0;0;SS_BG_202;
0;0;0.000000;0.000000;0.000000;0;0;litcube203;1;1;1;0;0;0;0;0;0;0;0;0;0;0;0;0;50000000;60000000;0;120;120;120;0;0;0;0;0;0;0;SS_BG_203;
0;0;0.000000;0.000000;0.000000;0;0;litcube204;1;1;1;0;0;0;0;0;0;0;0;0;0;0;0;0;50000000;60000000;0;120;120;120;0;0;0;0;0;0;0;SS_BG_204;
0;0;0.000000;0.000000;0.000000;0;0;litcube205;1;1;1;0;0;0;0;0;0;0;0;0;0;0;0;0;50000000;60000000;0;120;120;120;0;0;0;0;0;0;0;SS_BG_205;
0;0;0.000000;0.000000;0.000000;0;0;litcube206;1;1;1;0;0;0;0;0;0;0;0;0;0;0;0;0;50000000;60000000;0;120;120;120;0;0;0;0;0;0;0;SS_BG_206;
0;0;0.000000;0.000000;0.000000;0;0;litcube207;1;1;1;0;0;0;0;0;0;0;0;0;0;0;0;0;50000000;60000000;0;120;120;120;0;0;0;0;0;0;0;SS_BG_207;
0;0;0.000000;0.000000;0.000000;0;0;litcube208;1;1;1;0;0;0;0;0;0;0;0;0;0;0;0;0;50000000;60000000;0;120;120;120;0;0;0;0;0;0;0;SS_BG_208;
0;0;0.000000;0.000000;0.000000;0;0;litcube209;1;1;1;0;0;0;0;0;0;0;0;0;0;0;0;0;50000000;60000000;0;120;120;120;0;0;0;0;0;0;0;SS_BG_209;
0;0;0.000000;0.000000;0.000000;0;0;litcube210;1;1;1;1;1;1;1;1;1;1;1;20;0;0;0;0;50000000;60000000;0;120;120;120;0;0;0;0;0;0;0;SS_BG_210;
0;0;0.000000;0.000000;0.000000;0;0;litcube211;1;1;1;3;3;3;1;1;1;1;1;34;0;0;0;0;50000000;60000000;0;120;120;120;0;0;0;0;0;0;0;SS_BG_211;
0;0;0.000000;0.000000;0.000000;0;0;litcube212;1;1;1;0;0;0;0;0;0;0;0;0;0;0;0;0;50000000;60000000;0;120;120;120;0;0;0;0;0;0;0;SS_BG_212;
0;0;0.000000;0.000000;0.000000;0;0;litcube213;1;1;1;0;0;0;0;0;0;0;0;0;0;0;0;0;50000000;60000000;0;120;120;120;0;0;0;0;0;0;0;SS_BG_213;
0;0;0.000000;0.000000;0.000000;0;0;litcube214;1;1;1;0;0;0;0;0;0;0;0;0;0;0;0;0;50000000;60000000;0;120;120;120;0;0;0;0;0;0;0;SS_BG_214;
0;0;0.000000;0.000000;0.000000;0;0;litcube215;1;1;1;0;0;0;0;0;0;0;0;0;0;0;0;0;50000000;60000000;0;120;120;120;0;0;0;0;0;0;0;SS_BG_215;
0;0;0.000000;0.000000;0.000000;0;0;litcube216;1;1;1;0;0;0;0;0;0;0;0;0;0;0;0;0;50000000;60000000;0;120;120;120;0;0;0;0;0;0;0;SS_BG_216;
0;0;0.000000;0.000000;0.000000;0;0;litcube217;1;1;1;0;0;0;0;0;0;0;0;0;0;0;0;0;50000000;60000000;0;120;120;120;0;0;0;0;0;0;0;SS_BG_217;
0;0;0.000000;0.000000;0.000000;0;0;litcube218;1;1;1;0;0;0;0;0;0;0;0;0;0;0;0;0;50000000;60000000;0;120;120;120;0;0;0;0;0;0;0;SS_BG_218;
0;0;0.000000;0.000000;0.000000;0;0;litcube219;1;1;1;0;0;0;0;0;0;0;0;0;0;0;0;0;50000000;60000000;0;120;120;120;0;0;0;0;0;0;0;SS_BG_219;
0;0;0.000000;0.000000;0.000000;0;0;litcube220;1;1;1;0;0;0;0;0;0;0;0;0;0;0;0;0;50000000;60000000;0;120;120;120;0;0;0;0;0;0;0;SS_BG_220;
0;0;0.000000;0.000000;0.000000;0;0;litcube221;1;1;1;0;0;0;0;0;0;0;0;0;0;0;0;0;50000000;60000000;0;120;120;120;0;0;0;0;0;0;0;SS_BG_221;
0;0;0.000000;0.000000;0.000000;0;0;litcube222;1;1;1;1;1;1;1;1;1;1;1;19;0;0;0;0;50000000;60000000;0;120;120;120;0;0;0;0;0;0;0;SS_BG_222;
0;0;0.000000;0.000000;0.000000;0;0;litcube223;1;1;1;1;1;1;1;1;1;1;1;11;0;0;0;0;50000000;60000000;0;120;120;120;0;0;0;0;0;0;0;SS_BG_223;
0;0;0.000000;0.000000;0.000000;0;0;litcube224;1;1;1;1;1;1;1;1;3;3;3;11;0;0;0;0;50000000;60000000;0;120;120;120;0;0;0;0;0;0;0;SS_BG_224;
0;0;0.000000;0.000000;0.000000;0;0;litcube225;1;1;1;0;0;0;0;0;0;0;0;0;0;0;0;0;50000000;60000000;0;120;120;120;0;0;0;0;0;0;0;SS_BG_225;
0;0;0.000000;0.000000;0.000000;0;0;litcube226;1;1;1;0;0;0;0;0;0;0;0;0;0;0;0;0;50000000;60000000;0;120;120;120;0;0;0;0;0;0;0;SS_BG_226;
0;0;0.000000;0.000000;0.000000;0;0;litcube227;1;1;1;0;0;0;0;0;0;0;0;0;0;0;0;0;50000000;60000000;0;120;120;120;0;0;0;0;0;0;0;SS_BG_227;
0;0;0.000000;0.000000;0.000000;0;0;litcube228;1;1;1;0;0;0;0;0;0;0;0;0;0;0;0;0;50000000;60000000;0;120;120;120;0;0;0;0;0;0;0;SS_BG_228;
0;0;0.000000;0.000000;0.000000;0;0;litcube229;1;1;1;0;0;0;0;0;0;0;0;0;0;0;0;0;50000000;60000000;0;120;120;120;0;0;0;0;0;0;0;SS_BG_229;
0;0;0.000000;0.000000;0.000000;0;0;litcube230;1;1;1;4;4;4;1;1;1;1;1;30;0;0;0;0;50000000;60000000;0;120;120;120;0;0;0;0;0;0;0;SS_BG_230;
0;0;0.000000;0.000000;0.000000;0;0;litcube231;1;1;1;0;0;0;0;0;0;0;0;0;0;0;0;0;50000000;60000000;0;120;120;120;0;0;0;0;0;0;0;SS_BG_231;
0;0;0.000000;0.000000;0.000000;0;0;litcube232;1;1;1;0;0;0;0;0;0;0;0;0;0;0;0;0;50000000;60000000;0;120;120;120;0;0;0;0;0;0;0;SS_BG_232;
0;0;0.000000;0.000000;0.000000;0;0;litcube233;1;1;1;0;0;0;0;0;0;0;0;0;0;0;0;0;50000000;60000000;0;120;120;120;0;0;0;0;0;0;0;SS_BG_233;
0;0;0.000000;0.000000;0.000000;0;0;litcube234;1;1;1;0;0;0;0;0;0;0;0;0;0;0;0;0;50000000;60000000;0;120;120;120;0;0;0;0;0;0;0;SS_BG_234;
0;0;0.000000;0.000000;0.000000;0;0;litcube235;1;1;1;0;0;0;0;0;0;0;0;0;0;0;0;0;50000000;60000000;0;120;120;120;0;0;0;0;0;0;0;SS_BG_235;
0;0;0.000000;0.000000;0.000000;0;0;litcube236;1;1;1;0;0;0;0;0;0;0;0;0;0;0;0;0;50000000;60000000;0;120;120;120;0;0;0;0;0;0;0;SS_BG_236;
0;0;0.000000;0.000000;0.000000;0;0;litcube237;1;1;1;0;0;0;0;0;0;0;0;0;0;0;0;0;50000000;60000000;0;120;120;120;0;0;0;0;0;0;0;SS_BG_237;
0;0;0.000000;0.000000;0.000000;0;0;litcube238;1;1;1;0;0;0;0;0;0;0;0;0;0;0;0;0;50000000;60000000;0;120;120;120;0;0;0;0;0;0;0;SS_BG_238;
0;0;0.000000;0.000000;0.000000;0;0;litcube239;1;1;1;0;0;0;0;0;0;0;0;0;0;0;0;0;50000000;60000000;0;120;120;120;0;0;0;0;0;0;0;SS_BG_239;
0;0;0.000000;0.000000;0.000000;0;0;litcube240;1;1;1;0;0;0;0;0;0;0;0;0;0;0;0;0;50000000;60000000;0;120;120;120;0;0;0;0;0;0;0;SS_BG_240;
0;0;0.000000;0.000000;0.000000;0;0;litcube241;1;1;1;0;0;0;0;0;0;0;0;0;0;0;0;0;50000000;60000000;0;120;120;120;0;0;0;0;0;0;0;SS_BG_241;
0;0;0.000000;0.000000;0.000000;0;0;litcube242;1;1;1;0;0;0;0;0;0;0;0;0;0;0;0;0;50000000;60000000;0;120;120;120;0;0;0;0;0;0;0;SS_BG_242;
0;0;0.000000;0.000000;0.000000;0;0;litcube243;1;1;1;0;0;0;0;0;0;0;0;0;0;0;0;0;50000000;60000000;0;120;120;120;0;0;0;0;0;0;0;SS_BG_243;
0;0;0.000000;0.000000;0.000000;0;0;xtmearth;1;1;1;0;0;0;0;0;0;0;0;0;0;0;0;0;50000000;60000000;0;120;120;120;0;0;0;0;0;0;0;SS_BG_244;
0;0;0.000000;0.000000;0.000000;0;0;litcube245;1;1;1;0;0;0;0;0;0;0;0;0;0;0;0;0;50000000;60000000;0;120;120;120;0;0;0;0;0;0;0;SS_BG_245;
0;0;0.000000;0.000000;0.000000;0;0;litcube246;1;1;1;0;0;0;0;0;0;0;0;0;0;0;0;0;50000000;60000000;0;120;120;120;0;0;0;0;0;0;0;SS_BG_246;
0;0;0.000000;0.000000;0.000000;0;0;litcube247;1;1;1;0;0;0;0;0;0;0;0;0;0;0;0;0;50000000;60000000;0;120;120;120;0;0;0;0;0;0;0;SS_BG_247;
0;0;0.000000;0.000000;0.000000;0;0;litcube248;1;1;1;0;0;0;0;0;0;0;0;0;0;0;0;0;50000000;60000000;0;120;120;120;0;0;0;0;0;0;0;SS_BG_248;
0;0;0.000000;0.000000;0.000000;0;0;litcube249;1;1;1;0;0;0;0;0;0;0;0;0;0;0;0;0;50000000;60000000;0;120;120;120;0;0;0;0;0;0;0;SS_BG_249;
